PLAYER
389 269
DOTS
340 340 1 340 500 1000
460 340 1 460 500 1000
340 220 1 340 60 01000
460 220 1 460 60 1000
300 220 1 500 220 1200
500 340 1 300 340 1200
580 60 1 220 60 1300
220 100 1 580 100 1300
300 60 1 300 220 1000
500 60 1 500 220 1000
300 500 1 300 340 1000
500 500 1 500 340 1000
620 420 1 620 140 1300
660 140 1 660 420 1300
580 500 1 220 500 1300
220 460 1 580 460 1300
180 420 1 180 140 1500
140 140 1 140 420 1500
YELLOW
360 240 80 80
600 440 40 40
600 80 40 40
160 80 40 40
160 440 40 40
GREEN
320 240 40 80
440 240 80 80
BLUE
0 0 800 40
0 520 800 80
480 240 40 80
280 240 40 80
520 120 80 320
200 120 80 320
0 120 120 320
680 120 120 320
0 80 160 40
0 40 200 40
600 40 200 40
640 80 160 40
600 480 200 40
640 440 160 40
0 480 200 40
0 440 160 40
360 360 80 80
360 120 80 80
COINS
4
620 460
620 100
180 100
180 460
END
