PLAYER
90 290
DOTS
380 300 0 0 0 0
380 300 3 40 1 3500
380 300 3 80 1 3500
380 300 3 120 1 3500
380 300 3 160 1 3500
380 300 3 200 1 3500

380 300 3 40 2 3500
380 300 3 80 2 3500
380 300 3 120 2 3500
380 300 3 160 2 3500
380 300 3 200 2 3500

380 300 3 40 3 3500
380 300 3 80 3 3500
380 300 3 120 3 3500
380 300 3 160 3 3500
380 300 3 200 3 3500

380 300 3 40 4 3500
380 300 3 80 4 3500
380 300 3 120 4 3500
380 300 3 160 4 3500
380 300 3 200 4 3500
YELLOW
40 240 120 120
GREEN
600 240 160 120
BLUE
0 520 800 80
0 0 800 80

0 80 280 40
0 120 240 40
0 160 200 40
0 200 160 40
0 360 160 40
0 400 200 40
0 440 240 40
0 480 280 40

480 80 320 40
520 120 280 40
560 160 240 40
600 200 200 40
600 360 200 40
560 400 240 40
520 440 280 40
480 480 320 40

0 240 40 120
760 240 40 120
COINS
4
380 140
380 460
220 300
540 300
END