PLAYER
68 188
DOTS
200 200 0 0 0 0
200 200 3 33 1 2200
200 200 3 33 2 2200
200 200 3 33 3 2200
200 200 3 33 4 2200
200 200 3 66 1 2200
200 200 3 66 2 2200
200 200 3 66 3 2200
200 200 3 66 4 2200

360 200 0 0 0 0
360 200 3 33 1 2200
360 200 3 33 2 2200
360 200 3 33 3 2200
360 200 3 33 4 2200
360 200 3 66 1 2200
360 200 3 66 2 2200
360 200 3 66 3 2200
360 200 3 66 4 2200

520 200 0 0 0 0
520 200 3 33 1 2200
520 200 3 33 2 2200
520 200 3 33 3 2200
520 200 3 33 4 2200
520 200 3 66 1 2200
520 200 3 66 2 2200
520 200 3 66 3 2200
520 200 3 66 4 2200

680 200 0 0 0 0
680 200 3 33 1 2200
680 200 3 33 2 2200
680 200 3 33 3 2200	
680 200 3 33 4 2200
680 200 3 66 1 2200
680 200 3 66 2 2200
680 200 3 66 3 2200
680 200 3 66 4 2200

140 340 2 740 460 4000
740 460 2 140 340 4000
700 380 2 180 420 4000
180 420 2 700 380 4000

YELLOW
40 120 80 160
600 280 160 40
GREEN
40 320 80 160
BLUE
40 0 720 120
40 480 720 120
0 0 40 600
760 0 40 600
40 280 560 40
COINS
6
440 340
440 460
740 340
740 460
140 340
140 460
END