PLAYER
169 69
DOTS
140 140 1 580 140 1800
580 180 1 140 180 1800
140 220 1 580 220 1800
580 140 1 580 220 800
300 140 1 300 220 800
540 140 1 540 220 800
260 140 1 260 220 800
140 420 1 580 420 1800
580 380 1 140 380 1800
580 460 1 140 460 1800
260 460 1 260 380 800
300 460 1 300 380 800
540 460 1 540 380 800
580 460 1 580 380 800
220 260 1 140 260 500
140 340 1 220 340 500
YELLOW
120 40 120 80
600 120 80 120
120 280 120 40
GREEN
560 480 120 80
BLUE
240 240 440 120
0 120 120 360
680 120 120 360
240 0 560 120
120 0 120 40
0 0 120 120
600 360 80 120
680 480 120 120
0 480 520 120
520 520 40 80
560 560 120 40
COINS
1
640 180
END
