PLAYER
69 149
DOTS
220 160 0 220 160 0
160 220 0 160 220 0
160 460 0 160 460 0
220 400 0 220 400 0
280 380 0 280 380 0
340 420 0 340 420 0
320 180 0 320 180 0
380 240 0 380 240 0
380 140 2 420 180 500
100 260 2 60 220 500
220 220 2 260 260 500
60 460 2 100 500 500
220 460 2 260 500 500
700 140 2 740 180 500
580 420 2 540 380 500
580 180 2 540 140 500
100 320 0 100 320 0
60 400 0 60 400 0
580 240 0 580 240 0
540 320 0 540 320 0
640 180 0 640 180 0
700 240 0 700 240 0
540 480 0 540 480 0
580 460 2 740 500 2000
740 500 2 580 460 2000
420 300 0 420 300 0
YELLOW
40 120 80 80
360 360 80 80
GREEN
680 280 80 80
BLUE
120 120 80 80
120 280 80 160
200 280 80 80
280 200 80 160
280 440 240 80
440 120 80 240
600 200 80 240
680 360 80 80
0 0 800 120
0 520 800 80
0 120 40 400
760 120 40 400
COINS
3
320 140
160 500
720 480
END
