PLAYER
709 429
DOTS
620 380 1 740 380 1200
620 260 1 740 260 1200
740 380 1 740 180 1800
500 180 1 620 180 1200
500 300 1 620 300 1200
500 380 1 500 180 1800
380 380 1 500 380 1200
380 260 1 500 260 1200
260 180 1 380 180 1200
260 300 1 380 300 1200
260 380 1 260 180 1800
620 380 1 620 180 1800
380 380 1 380 180 1800
YELLOW
680 400 80 80
GREEN
40 160 80 80
BLUE
0 0 800 160
120 200 40 40
0 160 40 80
0 240 160 160
0 400 600 200
200 160 40 200
280 200 40 40
280 240 80 40
280 320 40 40
280 360 80 40
400 280 40 40
400 320 80 40
400 160 80 80
520 200 40 40
520 240 80 40
520 320 40 40
520 360 80 40
640 280 40 40
640 320 80 40
600 400 80 200
760 160 40 440
680 480 480 120
640 160 80 80
COINS
7
700 300
740 180
580 220
580 340
340 340
460 300
340 220
END
