PLAYER
69 149
DOTS
140 100 2 660 220 3000
660 220 2 140 100 3000
180 180 2 620 140 3000
620 140 2 180 180 3000
220 100 1 220 220 1500
260 100 1 260 220 1500
380 220 1 380 100 1500
420 220 1 420 100 1500
540 100 1 540 220 1500
580 100 1 580 220 1500
140 500 2 660 340 3000
660 340 2 140 500 3000
180 380 2 620 460 3000
620 460 2 180 380 3000
220 420 1 580 420 1000
YELLOW
40 80 80 160
680 80 80 440
GREEN
40 320 80 200
BLUE
0 0 800 80
0 520 800 80
40 240 640 80
0 80 40 440
760 80 40 440
COINS
9
240 420
280 420
320 420
360 420
560 420
480 420
520 420
400 420
440 420
END
