PLAYER
69 149
DOTS
140 140 1 140 420 800
180 140 1 180 420 1600
220 140 1 220 420 2400
260 140 1 260 420 800
300 140 1 300 420 1600
340 140 1 340 420 2400
380 140 1 380 420 800
420 140 1 420 420 1600
460 140 1 460 420 2400
500 140 1 500 420 800
540 140 1 540 420 1600
580 140 1 580 420 2400
620 140 1 620 420 800
660 140 1 660 420 1600
YELLOW
40 120 80 80
GREEN
680 360 80 80
BLUE
0 440 800 160
0 0 800 120
0 120 40 320
760 120 40 320
40 200 80 240
680 120 80 240
COINS
3
140 420
660 140
400 280
END
