PLAYER
89 109
DOTS
60 220 1 60 500 800
100 500 1 100 220 800
140 220 1 140 500 800
180 420 1 180 500 400
220 100 1 220 500 1500
300 100 1 300 500 1500
260 500 1 260 100 1500
380 100 1 380 500 1500
460 100 1 460 500 1500
420 500 1 420 100 1500
580 500 1 580 100 1500
540 100 1 540 500 1500
620 100 1 620 500 1500
500 420 1 500 500 400
660 100 1 660 180 400
700 180 1 700 100 400
700 260 1 740 260 500
740 300 1 700 300 500
700 340 1 740 340 500
740 380 1 700 380 500
700 420 1 740 420 500
YELLOW
40 80 120 80
720 200 40 40
320 80 40 120
GREEN
680 440 80 80
BLUE
0 0 40 600
760 0 40 600
40 0 720 80
40 520 720 80
160 80 40 320
80 160 80 40
320 200 40 320
480 80 40 320
640 200 40 320
680 200 40 40
COINS
0
END
