PLAYER
69 269
DOTS
140 180 2 180 220 1800
140 260 2 180 300 1800
140 340 2 180 380 1800
220 340 2 260 380 1800
300 340 2 340 380 01800
380 340 2 420 380 1800
300 260 2 340 300 1800
380 260 2 420 300 1800
300 180 2 340 220 1800
380 180 2 420 220 1800
460 180 2 500 220 1800
540 180 2 580 220 1800
540 260 2 580 300 1800
540 340 2 580 380 1800
620 340 2 660 380 1800
620 260 2 660 300 1800
620 180 2 660 220 1800
YELLOW
40 240 80 80
GREEN
680 240 80 80
BLUE
0 0 40 600
760 0 40 600
40 400 720 200
40 0 720 160
40 160 80 80
40 320 80 80
680 160 80 80
680 320 80 80
200 160 80 160
440 240 80 160
COINS
4
180 180
420 380
300 180
540 380
END
