PLAYER
669 349
DOTS
80 160 0 80 160 0
80 180 0 80 180 0
80 200 0 80 200 0
80 220 0 80 220 0
80 240 0 80 240 0
80 260 0 80 260 0
80 280 0 80 280 0
80 300 0 80 300 0
80 320 0 80 320 0
80 360 0 80 360 0
80 340 0 80 340 0
80 380 0 80 380 0
80 400 0 80 400 0
100 160 0 100 160 0
120 160 0 120 160 0
140 160 0 140 160 0
160 160 0 160 160 0
180 160 0 180 160 0
200 160 0 200 160 0
240 160 0 240 160 0
220 160 0 220 160 0
100 400 0 100 400 0
120 400 0 120 400 0
140 400 0 140 400 0
160 400 0 160 400 0
180 400 0 180 400 0
200 400 0 200 400 0
220 400 0 220 400 0
240 400 0 240 400 0
260 400 0 260 400 0
280 400 0 280 400 0
320 400 0 320 400 0
300 400 0 300 400 0
340 400 0 340 400 0
260 160 0 260 160 0
280 160 0 280 160 0
300 160 0 300 160 0
360 400 0 360 400 0
380 400 0 380 400 0
420 400 0 420 400 0
400 400 0 400 400 0
440 400 0 440 400 0
460 400 0 460 400 0
480 400 0 480 400 0
500 400 0 500 400 0
520 400 0 520 400 0
540 400 0 540 400 0
560 400 0 560 400 0
580 400 0 580 400 0
600 400 0 600 400 0
620 400 0 620 400 0
640 400 0 640 400 0
660 400 0 660 400 0
680 400 0 680 400 0
700 400 0 700 400 0
720 400 0 720 400 0
720 380 0 720 380 0
720 360 0 720 360 0
720 340 0 720 340 0
320 160 0 320 160 0
340 160 0 340 160 0
360 160 0 360 160 0
720 320 0 720 320 0
720 300 0 720 300 0
720 280 0 720 280 0
380 160 0 380 160 0
400 160 0 400 160 0
420 160 0 420 160 0
440 160 0 440 160 0
460 160 0 460 160 0
480 160 0 480 160 0
500 160 0 500 160 0
520 160 0 520 160 0
540 160 0 540 160 0
580 160 0 580 160 0
560 160 0 560 160 0
600 160 0 600 160 0
620 160 0 620 160 0
640 160 0 640 160 0
660 160 0 660 160 0
680 160 0 680 160 0
700 160 0 700 160 0
720 160 0 720 160 0
720 260 0 720 260 0
720 240 0 720 240 0
720 180 0 720 180 0
720 200 0 720 200 0
720 220 0 720 220 0
160 360 0 160 360 0
160 380 0 160 380 0
180 380 0 180 380 0
200 380 0 200 380 0
240 320 0 240 320 0
220 320 0 220 320 0
240 300 0 240 300 0
260 300 0 260 300 0
280 300 0 280 300 0
100 300 0 100 300 0
120 300 0 120 300 0
140 300 0 140 300 0
160 300 0 160 300 0
180 300 0 180 300 0
200 300 0 200 300 0
220 300 0 220 300 0
260 320 0 260 320 0
280 320 0 280 320 0
300 320 0 300 320 0
300 340 0 300 340 0
320 340 0 320 340 0
320 320 0 320 320 0
300 300 0 300 300 0
320 300 0 320 300 0
100 280 0 100 280 0
240 280 0 240 280 0
220 280 0 220 280 0
200 280 0 200 280 0
120 280 0 120 280 0
140 280 0 140 280 0
160 280 0 160 280 0
180 280 0 180 280 0
180 220 0 180 220 0
200 220 0 200 220 0
220 220 0 220 220 0
240 220 0 240 220 0
260 220 0 260 220 0
280 220 0 280 220 0
300 240 0 300 240 0
340 240 0 340 240 0
360 240 0 360 240 0
320 240 0 320 240 0
340 300 0 340 300 0
380 240 0 380 240 0
400 240 0 400 240 0
420 240 0 420 240 0
420 220 0 420 220 0
360 300 0 360 300 0
420 260 0 420 260 0
420 280 0 420 280 0
380 300 0 380 300 0
400 300 0 400 300 0
420 300 0 420 300 0
360 180 0 360 180 0
340 180 0 340 180 0
400 260 0 400 260 0
400 280 0 400 280 0
380 380 0 380 380 0
400 380 0 400 380 0
420 380 0 420 380 0
440 380 0 440 380 0
460 380 0 460 380 0
440 360 0 440 360 0
460 360 0 460 360 0
480 380 0 480 380 0
500 380 0 500 380 0
520 380 0 520 380 0
480 180 0 480 180 0
480 200 0 480 200 0
480 220 0 480 220 0
480 240 0 480 240 0
480 260 0 480 260 0
480 280 0 480 280 0
480 300 0 480 300 0
500 300 0 500 300 0
520 320 0 520 320 0
540 320 0 540 320 0
560 320 0 560 320 0
580 320 0 580 320 0
580 340 0 580 340 0
600 320 0 600 320 0
600 340 0 600 340 0
620 320 0 620 320 0
640 300 0 640 300 0
660 300 0 660 300 0
680 300 0 680 300 0
700 300 0 700 300 0
520 300 0 520 300 0
620 300 0 620 300 0
540 240 0 540 240 0
560 260 0 560 260 0
580 300 0 580 300 0
540 300 0 540 300 0
560 300 0 560 300 0
500 280 0 500 280 0
600 300 0 600 300 0
500 200 0 500 200 0
500 220 0 500 220 0
500 180 0 500 180 0
500 240 0 500 240 0
500 260 0 500 260 0
540 260 0 540 260 0
520 240 0 520 240 0
520 260 0 520 260 0
520 280 0 520 280 0
540 280 0 540 280 0
560 280 0 560 280 0
580 260 0 580 260 0
600 280 0 600 280 0
580 280 0 580 280 0
520 180 0 520 180 0
520 200 0 520 200 0
520 220 0 520 220 0
540 180 0 540 180 0
540 200 0 540 200 0
540 220 0 540 220 0
620 240 0 620 240 0
620 260 0 620 260 0
640 280 0 640 280 0
700 280 0 700 280 0
680 280 0 680 280 0
660 280 0 660 280 0
620 280 0 620 280 0
600 260 0 600 260 0
660 260 0 660 260 0
640 260 0 640 260 0
680 240 0 680 240 0
680 260 0 680 260 0
700 260 0 700 260 0
660 240 0 660 240 0
640 240 0 640 240 0
560 200 0 560 200 0
560 220 0 560 220 0
580 240 0 580 240 0
560 180 0 560 180 0
600 240 0 600 240 0
560 240 0 560 240 0
700 240 0 700 240 0
620 180 0 620 180 0
620 200 0 620 200 0
660 220 0 660 220 0
620 220 0 620 220 0
600 180 0 600 180 0
580 200 0 580 200 0
580 180 0 580 180 0
600 200 0 600 200 0
580 220 0 580 220 0
600 220 0 600 220 0
640 180 0 640 180 0
640 200 0 640 200 0
640 220 0 640 220 0
660 180 0 660 180 0
700 180 0 700 180 0
680 180 0 680 180 0
660 200 0 660 200 0
700 200 0 700 200 0
680 220 0 680 220 0
680 200 0 680 200 0
700 220 0 700 220 0
YELLOW
80 160 80 80
640 320 80 80
GREEN
80 320 80 80
BLUE
0 0 800 120
0 440 800 160
0 120 40 320
760 120 40 320
COINS
1
380 280
END
