PLAYER
49 89
DOTS
400 280 3 75 1 4500
400 280 3 75 2 4500
400 280 3 75 3 4500
400 280 3 75 4 4500

400 280 3 150 1 4500
400 280 3 150 2 4500
400 280 3 150 3 4500
400 280 3 150 4 4500

400 280 3 225 1 4500
400 280 3 225 2 4500
400 280 3 225 3 4500
400 280 3 225 4 4500

400 280 3 300 1 4500
400 280 3 300 2 4500
400 280 3 300 3 4500
400 280 3 300 4 4500
YELLOW
40 80 80 40
680 80 40 40
40 160 40 40
GREEN
480 240 40 80
BLUE
40 120 600 40
600 160 40 280
160 400 440 40
160 200 40 200
200 200 360 40
520 240 40 120
240 280 40 40
240 320 280 40
0 0 800 80
680 120 120 480
720 80 80 40
0 480 680 120
0 80 40 400
40 200 80 280
COINS
0
END
